72 
 
 
 
 
 
11 
12 
13 
14 
15 
16 
17 
18 
19 
20 
629 
741 
129 
971 
384 
614 
209 
581 
972 
708 
649 
385 
706 
536 
147 
926 
602 
314 
437 
906 
657 
940 
145 
689 
-987 
-713 
650 
271 
-826 
-643 
910 
537 
702 
815 
257 
693 
489 
216 
358 
127 
859 
130 
782 
315 
-514 
-768 
236 
694 
-197 
-820 
425 
378 
352 
104 
615 
738 
579 
423 
460 
875 
752 
893 
-501 
-264 
362 
819 
-931 
-178 
304 
527 
819 
476 
180 
594 
431 
980 
512 
298 
738 
519 
752 
836 
970 
425 
923 
764 
389 
645 
394 
501 
389 
931 
645 
-178 
-502 
610 
278 
-794 
-586 
906 
 
5,938 
5,608 
183 
5,104 
717 
4,949 
1,783 
5,547 
6,599 
1,699 
 
 
1 
2 
3 
4 
5 
6 
7 
8 
9 
10 
263 
194 
735 
269 
814 
796 
723 
945 
816 
452 
749 
316 
297 
134 
749 
610 
604 
753 
368 
241 
147 
782 
234 
-157 
-749 
605 
403 
517 
-957 
-361 
630 
578 
796 
402 
823 
945 
487 
761 
328 
914 
736 
814 
-421 
-814 
421 
196 
-285 
-347 
536 
629 
207 
316 
360 
824 
915 
567 
936 
782 
294 
831 
603 
914 
850 
-914 
-314 
697 
729 
-840 
-608 
325 
237 
960 
-816 
574 
278 
930 
940 
-823 
-853 
367 
640 
851 
689 
304 
931 
842 
617 
203 
905 
682 
681 
475 
206 
158 
598 
812 
960 
521 
472 
908 
 
6,007 
4,821 
464 
6,664 
1,465 
6,032 
1,442 
1,794 
6,664 
5,791 
EFICIENCIA 
% 
Evaluación y Entrenamiento de velocidad  
Con sumas de 1, 2, 3, y 4 dígitos  
Cálculo con el TIKA 
EFICIENCIA MÍNIMA: 75 % 
 
73 
 
 
 
 
 
11 
12 
13 
14 
15 
16 
17 
18 
19 
20 
6 
7 
-8 
-1 
5 
1 
8 
3 
-6 
-5 
1 
2 
6 
9 
2 
3 
5 
6 
1 
8 
5 
7 
9 
1 
7 
7 
5 
4 
6 
5 
3 
8 
2 
8 
-4 
-3 
9 
-7 
-4 
9 
2 
6 
6 
3 
8 
8 
1 
7 
2 
5 
7 
1 
2 
5 
2 
4 
7 
1 
3 
3 
6 
1 
4 
9 
1 
2 
2 
5 
8 
4 
5 
5 
2 
-5 
-3 
5 
3 
4 
-5 
-1 
7 
1 
1 
9 
3 
2 
8 
8 
2 
2 
3 
3 
4 
1 
1 
9 
8 
8 
9 
3 
 
10 
43 
56 
21 
48 
35 
42 
 
10 
43 
49 
 
 
1 
2 
3 
4 
5 
6 
7 
8 
9 
10 
5 
2 
6 
5 
2 
2 
9 
9 
2 
3 
1 
8 
-4 
-3 
5 
6 
2 
-2 
-9 
6 
5 
9 
4 
2 
7 
9 
6 
1 
9 
3 
3 
3 
4 
1 
1 
9 
8 
8 
9 
3 
1 
4 
1 
8 
4 
6 
6 
9 
5 
8 
8 
4 
1 
5 
-8 
-7 
7 
8 
6 
5 
3 
3 
6 
3 
7 
5 
4 
9 
4 
6 
6 
8 
3 
3 
9 
1 
8 
1 
8 
9 
6 
6 
2 
1 
4 
1 
4 
6 
6 
9 
3 
7 
9 
-6 
-6 
5 
9 
-3 
-7 
1 
 
45 
10 
55 
49 
52 
29 
50 
56 
45 
12 
EFICIENCIA 
% 
Evaluación y Entrenamiento de velocidad  
Con sumas de 1, 2, 3, y 4 dígitos  
Cálculo con el Nepo 
EFICIENCIA MÍNIMA: 75 % 
 
74 
 
 
 
 
 
11 
12 
13 
14 
15 
16 
17 
18 
19 
20 
51 
60 
68 
53 
16 
65 
15 
54 
48 
11 
49 
-27 
-12 
71 
28 
42 
-21 
-15 
24 
70 
52 
36 
47 
26 
41 
11 
77 
46 
49 
26 
39 
28 
82 
-57 
97 
76 
-16 
-59 
41 
64 
24 
59 
-75 
45 
95 
32 
14 
-62 
-32 
89 
64 
50 
97 
58 
98 
53 
64 
93 
68 
13 
22 
19 
22 
93 
50 
21 
16 
53 
39 
48 
24 
48 
56 
25 
12 
73 
78 
45 
67 
96 
71 
14 
63 
-20 
-81 
95 
36 
-57 
-49 
62 
18 
46 
-53 
24 
96 
68 
80 
88 
-81 
-56 
 
441 
209 
411 
295 
189 
658 
383 
524 
134 
230 
 
 
1 
2 
3 
4 
5 
6 
7 
8 
9 
10 
51 
52 
24 
61 
14 
60 
46 
16 
43 
13 
53 
28 
47 
80 
71 
19 
23 
28 
72 
32 
54 
25 
-56 
69 
81 
53 
23 
-36 
-31 
19 
62 
38 
97 
10 
43 
83 
28 
91 
70 
56 
79 
54 
-85 
-29 
98 
40 
65 
24 
-31 
-19 
64 
95 
57 
94 
57 
47 
89 
42 
10 
53 
46 
22 
70 
26 
17 
43 
12 
15 
28 
88 
44 
29 
16 
-34 
-44 
30 
22 
-18 
-60 
83 
36 
27 
68 
56 
19 
26 
78 
93 
42 
82 
59 
38 
-84 
98 
64 
15 
47 
26 
-87 
70 
 
380 
453 
201 
578 
196 
608 
367 
68 
527 
246 
EFICIENCIA 
% 
Evaluación y Entrenamiento de velocidad  
Con sumas de 1, 2, 3, y 4 dígitos  
Cálculo con el TIKA 
EFICIENCIA MÍNIMA: 75 % 
 
75 
 
 
 
 
 
11 
12 
13 
14 
15 
16 
17 
18 
19 
20 
52 
18 
49 
58 
78 
90 
27 
78 
98 
40 
10 
34 
64 
78 
81 
23 
43 
56 
17 
89 
60 
17 
-49 
-11 
53 
20 
53 
-49 
-78 
57 
34 
83 
57 
15 
35 
50 
35 
44 
22 
17 
46 
45 
14 
43 
13 
18 
12 
27 
66 
24 
62 
38 
43 
78 
91 
21 
12 
51 
84 
63 
65 
43 
57 
-73 
97 
27 
-78 
-98 
11 
19 
65 
70 
58 
60 
32 
41 
51 
13 
40 
14 
15 
28 
35 
89 
39 
53 
30 
22 
43 
47 
43 
31 
24 
-78 
82 
62 
39 
-62 
90 
98 
 
588 
495 
73 
392 
308 
543 
70 
 
444 
401 
329 
 
 
1 
2 
3 
4 
5 
6 
7 
8 
9 
10 
51 
78 
44 
78 
46 
58 
21 
55 
11 
56 
15 
55 
48 
34 
87 
94 
79 
75 
35 
91 
81 
16 
23 
-81 
90 
23 
20 
56 
78 
16 
56 
83 
94 
84 
 70 
31 
28 
62 
14 
40 
45 
38 
90 
56 
16 
92 
86 
76 
29 
67 
62 
14 
65 
-49 
-64 
51 
72 
59 
-47 
-88 
47 
57 
60 
16 
35 
52 
23 
46 
75 
18 
27 
55 
81 
35 
13 
75 
29 
28 
50 
45 
20 
77 
80 
54 
68 
76 
 52 
32 
90 
43 
59 
95 
-79 
-62 
80 
42 
39 
-63 
-28 
17 
 
498 
613 
322 
562 
595 
75 
429 
438 
592 
100 
EFICIENCIA 
% 
Evaluación y Entrenamiento de velocidad  
Con sumas de 1, 2, 3, y 4 dígitos  
Cálculo con el Nepo 
EFICIENCIA MÍNIMA: 75 % 
 
76 
 
 
 
 
 
11 
12 
13 
14 
15 
16 
17 
18 
19 
20 
754 
823 
231 
768 
562 
371 
256 
730 
583 
671 
974 
368 
635 
124 
168 
735 
326 
974 
241 
583 
241 
583 
572 
-943 
189 
652 
258 
-407 
-641 
970 
409 
312 
851 
-746 
573 
191 
986 
542 
-751 
-360 
137 
594 
239 
167 
362 
851 
729 
314 
104 
573 
671 
954 
238 
147 
756 
108 
471 
586 
206 
148 
961 
783 
543 
980 
605 
421 
389 
175 
821 
607 
543 
980 
605 
421 
389 
175 
821 
607 
307 
541 
835 
169 
114 
-978 
156 
320 
710 
-489 
473 
825 
957 
483 
608 
571 
165 
213 
910 
542 
246 
879 
 
5,749 
5,128 
1,474 
2,007 
4,070 
4,285 
6,285 
5,389 
2,135 
5,574 
 
 
1 
2 
3 
4 
5 
6 
7 
8 
9 
10 
649 
325 
917 
236 
839 
605 
104 
278 
420 
596 
346 
715 
526 
980 
475 
813 
231 
546 
497 
308 
163 
729 
708 
-641 
-651 
983 
875 
-629 
-786 
190 
831 
204 
250 
738 
768 
952 
179 
423 
130 
649 
204 
250 
738 
768 
952 
179 
423 
130 
649 
571 
517 
204 
263 
-895 
435 
172 
719 
-805 
296 
310 
654 
732 
438 
629 
961 
832 
627 
190 
258 
739 
802 
913 
250 
739 
486 
317 
375 
604 
984 
153 
843 
690 
637 
-485 
-465 
978 
342 
-617 
-907 
428 
430 
267 
963 
514 
607 
981 
539 
468 
190 
832 
 
4,969 
5,437 
941 
5,124 
4,864 
1,216 
6,060 
5,623 
1,444 
5,791 
EFICIENCIA 
% 
Evaluación y Entrenamiento de velocidad  
Con sumas de 1, 2, 3, y 4 dígitos  
Cálculo con el TIKA 
EFICIENCIA MÍNIMA: 75 % 
 
77 
 
 
 
 
 
11 
12 
13 
14 
15 
16 
17 
18 
19 
20 
163 
751 
674 
398 
543 
917 
716 
240 
541 
179 
907 
654 
245 
301 
132 
249 
629 
543 
740 
259 
915 
-382 
-456 
119 
561 
704 
-417 
-358 
354 
827 
189 
235 
267 
140 
493 
768 
264 
950 
491 
825 
516 
490 
425 
913 
457 
198 
182 
934 
359 
706 
425 
913 
457 
198 
182 
934 
359 
706 
870 
951 
694 
273 
-360 
-598 
291 
374 
873 
246 
-115 
-792 
549 
678 
129 
741 
572 
690 
217 
165 
368 
972 
503 
489 
269 
103 
896 
570 
209 
463 
475 
139 
302 
786 
-105 
-429 
576 
140 
576 
140 
-712 
-168 
 
5,122 
4,659 
1,867 
4,622 
5,180 
5,995 
886 
5,081 
4,116 
1,106 
 
 
1 
2 
3 
4 
5 
6 
7 
8 
9 
10 
450 
238 
678 
320 
291 
465 
128 
976 
261 
794 
184 
679 
903 
157 
254 
780 
379 
106 
-590 
-342 
285 
193 
252 
689 
896 
310 
461 
287 
312 
458 
196 
345 
-149 
867 
861 
240 
-524 
-178 
601 
924 
358 
172 
516 
429 
354 
790 
802 
365 
480 
276 
172 
369 
835 
472 
120 
584 
358 
917 
243 
809 
896 
740 
157 
209 
629 
581 
214 
630 
562 
703 
952 
160 
-845 
321 
931 
850 
429 
165 
-172 
-930 
943 
561 
186 
923 
802 
547 
468 
713 
875 
290 
395 
702 
768 
934 
359 
741 
146 
137 
781 
529 
 
4,601 
2,510 
4,143 
3,183 
4,542 
4,879 
5,321 
1,861 
6,308 
5,492 
EFICIENCIA 
% 
Evaluación y Entrenamiento de velocidad  
Con sumas de 1, 2, 3, y 4 dígitos  
Cálculo con el Nepo 
EFICIENCIA MÍNIMA: 75 % 
 
78 
 
 
 
 
 
 
 
1 
2 
3 
4 
5 
6 
7 
8 
9 
10 
149 
376 
258 
431 
821 
960 
957 
648 
418 
270 
581 
693 
823 
756 
874 
161 
485 
236 
650 
719 
514 
802 
-148 
-970 
960 
132 
158 
-640 
-729 
306 
142 
863 
975 
681 
307 
196 
730 
218 
429 
156 
249 
461 
972 
850 
397 
603 
128 
516 
974 
871 
540 
748 
113 
-805 
-197 
378 
452 
804 
-731 
-192 
263 
710 
934 
187 
162 
671 
154 
429 
810 
607 
481 
726 
390 
512 
476 
412 
187 
251 
365 
704 
578 
941 
-607 
-259 
385 
741 
436 
105 
-608 
-497 
891 
134 
309 
756 
864 
319 
176 
458 
438 
276 
 
5,288 
5,978 
385 
4,697 
6,021 
1,110 
4,927 
4,504 
1,215 
4,621 
11 
12 
13 
14 
15 
16 
17 
18 
19 
20 
793 
125 
139 
241 
864 
937 
127 
408 
379 
584 
115 
849 
-354 
260 
150 
983 
736 
-840 
904 
361 
830 
642 
594 
320 
982 
541 
164 
375 
873 
141 
956 
102 
593 
402 
468 
521 
691 
183 
587 
619 
709 
426 
-318 
-704 
764 
920 
119 
-386 
-245 
719 
426 
318 
704 
764 
920 
519 
386 
345 
719 
430 
182 
398 
450 
724 
135 
681 
954 
120 
637 
865 
302 
350 
416 
403 
298 
196 
357 
709 
638 
962 
185 
162 
749 
-845 
376 
908 
-147 
-475 
168 
920 
834 
617 
580 
238 
759 
450 
892 
726 
415 
950 
 
4,597 
3,164 
5,462 
5,122 
2,004 
5,531 
5,146 
4,631 
2,001 
6,461 
EFICIENCIA 
% 
Evaluación y Entrenamiento de velocidad  
Con sumas de 1, 2, 3, y 4 dígitos  
Cálculo con el TIKA 
EFICIENCIA MÍNIMA: 75 % 
 
